C1=(62.0, 8.0, 0.0)
C10=(80.0, 32.0, 0.0)
C101=(54.8, 82.2, 0.0)
C102=(62.8, 82.2, 0.0)
C103=(70.8, 82.2, 0.0)
C104=(78.8, 82.2, 0.0)
C105=(54.8, 86.5, 0.0)
C106=(62.8, 86.5, 0.0)
C107=(70.8, 86.5, 0.0)
C108=(78.8, 86.5, 0.0)
C2=(70.0, 8.0, 0.0)
C20=(96.0, 32.0, 0.0)
C30=(80.0, 65.5, 0.0)
C40=(96.0, 65.5, 0.0)
D1=(80.0, 28.0, 90.0)
F1=(58.0, 18.0, 0.0)
J1=(50.0, 46.5, 90.0)
J2=(92.0, 11.0, 0.0)
J3=(92.0, 82.0, 0.0)
M1000=(2.0, 66.0, 0.0)
R1=(74.0, 23.0, 0.0)
R10=(76.0, 32.0, 0.0)
R101=(49.2, 82.2, 0.0)
R102=(57.2, 82.2, 0.0)
R103=(65.2, 82.2, 0.0)
R104=(73.2, 82.2, 0.0)
R105=(49.2, 86.5, 0.0)
R106=(57.2, 86.5, 0.0)
R107=(65.2, 86.5, 0.0)
R108=(73.2, 86.5, 0.0)
R2=(78.0, 23.0, 0.0)
R20=(92.0, 32.0, 0.0)
R201=(52.0, 73.5, 0.0)
R202=(60.0, 73.5, 0.0)
R203=(68.0, 73.5, 0.0)
R204=(76.0, 73.5, 0.0)
R205=(52.0, 81.5, 0.0)
R206=(60.0, 81.5, 0.0)
R207=(68.0, 81.5, 0.0)
R208=(76.0, 81.5, 0.0)
R30=(76.0, 65.5, 0.0)
R40=(92.0, 65.5, 0.0)
U1=(80.0, 40.0, 270.0)
U11=(52.0, 69.5, 0.0)
U12=(60.0, 69.5, 0.0)
U13=(68.0, 69.5, 0.0)
U14=(76.0, 69.5, 0.0)
U15=(52.0, 77.5, 0.0)
U16=(60.0, 77.5, 0.0)
U17=(68.0, 77.5, 0.0)
U18=(76.0, 77.5, 0.0)
U2=(96.0, 40.0, 270.0)
U3=(80.0, 53.0, 270.0)
U4=(96.0, 53.0, 270.0)
BOARD=104.0x93.0
M6_PITCH_NS=71.0
